Bode taken on 20092019-151651
0 points could not be taken due to noise in the signal.
Obtained data is as follows:
['Frequency', 'Vpp 1', 'Vpp 2', 'Phase', 'Ratio', 'Slope']
[10.473708979594498, 0.948, 0.04614, 13.5, -26.254614943059835]
[10.969857978923836, 0.964, 0.04581999999999999, 32.0, -26.460438980989043, -0.4148431987314856]
[11.489510001873091, 0.968, 0.04688, 48.04347826086956, -26.29775508596719, 0.3130631419436226]
[12.033778407775893, 0.9731666666666667, 0.04584, 58.67857142857143, -26.538852318166203, -0.4429748807467433]
[12.603829296797274, 0.9780000000000001, 0.046299999999999994, 46.65384615384615, -26.49515727539297, 0.07665112644284386]
[13.200884008314182, 0.9820000000000001, 0.0461, 41.89473684210526, -26.56821124794603, -0.12235724992012416]
[13.826221737646557, 0.9859999999999999, 0.04578333333333334, 69.17241379310344, -26.663390118085854, -0.1522039462442754]
[14.481182276745338, 0.9874999999999999, 0.048975, 62.56521739130435, -26.09125319263448, 0.8735441164724663]
[15.167168884709225, 0.9913333333333333, 0.047240000000000004, 88.18181818181819, -26.438196410495912, -0.5057580043599011]
[15.885651294280526, 0.9940000000000001, 0.05335, 90.10526315789474, -25.40503921273649, 1.4379714576114382]
[16.63816886076129, 0.9979999999999999, 0.05404000000000001, 85.25, -25.32830401874756, 0.10197129928513432]
[17.4263338600965, 0.9979999999999999, 0.0569, 91.21739130434783, -24.880365497845997, 0.5683308968038217]
[18.251834943190435, 0.9979999999999999, 0.056499999999999995, 86.33333333333333, -24.94164186935865, -0.07422930480356732]
[19.116440753857017, 1.0038333333333334, 0.058050000000000004, 88.17391304347827, -24.757187774246884, 0.2133389491906838]
[20.022003718155844, 1.0034999999999998, 0.061349999999999995, 87.66666666666667, -24.274056195209628, 0.5335151702138592]
[20.970464013232327, 1.005, 0.0621, 88.9047619047619, -24.181489231598547, 0.09759708876755445]
[21.963853724165457, 1.0041666666666667, 0.06152, 84.75, -24.255789481397755, -0.07479466414989833]
[23.00430119772918, 1.008, 0.06250000000000001, 86.18181818181819, -24.151610295308625, 0.10012921241693949]
[24.094035602395245, 1.01, 0.06468333333333333, 88.6, -23.870579628525427, 0.25788913847252276]
[25.23539170434766, 1.0091666666666665, 0.06516, 85.0, -23.799636429179113, 0.062156937019881286]
[26.430814869741056, 1.0142, 0.0716, 87.36363636363636, -23.024211678079975, 0.6486613055084611]
[27.682866303920665, 1.0114999999999998, 0.06805, 87.71428571428571, -23.442755151349395, -0.3342861657625631]
[28.994228538828768, 1.0158333333333331, 0.0725, 86.23529411764706, -22.929689059995265, 0.3912466576331477]
[30.367711180354576, 1.013, 0.0736, 84.68181818181819, -22.77463262045563, 0.11289290075583491]
[31.80625692794119, 1.015, 0.0782, 83.52173913043478, -22.265185783787672, 0.35414017074023174]
[33.31294787934674, 1.0169999999999997, 0.07428333333333335, 81.6, -22.728591384404233, -0.30756513151171716]
[34.891012134067736, 1.0192, 0.07808000000000001, 83.8, -22.314392206652798, 0.2624729484317893]
[36.54383070957256, 1.0193333333333332, 0.083225, 84.77272727272727, -21.761248450558675, 0.3346669527387026]
[38.274944785163115, 1.016, 0.084225, 82.54545454545455, -21.629053765894852, 0.07636393610786489]
[40.08806328898464, 1.019, 0.0882, 80.08695652173913, -21.25411197749213, 0.20679386792008017]
[41.9870708444391, 1.015, 0.09103333333333331, 81.8, -20.945311936583217, 0.16261127556968197]
[43.97603609302721, 1.0199999999999998, 0.092175, 82.52380952380952, -20.879740509675266, 0.03296760813417817]
[46.05922041145106, 1.0181666666666664, 0.0981, 83.5, -20.322997347368347, 0.26725583395719643]
[48.241087041653685, 1.022, 0.09842000000000001, 83.0, -20.32735070201264, -0.0019952432399088188]
[50.526310653356795, 1.0169999999999997, 0.097175, 80.0, -20.39532807238881, -0.02974648521398226]
[52.91978735958442, 1.0191666666666668, 0.10725, 83.33333333333333, -19.55695820263798, 0.35027283431230566]
[55.42664520663107, 1.0169999999999997, 0.10933333333333334, 80.2, -19.371367278614557, 0.07403328602859095]
[58.05225516094899, 1.02425, 0.11575, 82.5, -18.937699458703786, 0.16516840941952815]
[60.80224261649424, 1.0231666666666668, 0.1166, 80.5, -18.86495665147317, 0.026452050566242172]
[63.68249944718586, 1.0193333333333332, 0.12133333333333333, 78.33333333333333, -18.486721948544904, 0.13131978332551822]
[66.69919663030122, 1.022, 0.12133333333333333, 80.5, -18.50941533738601, -0.007522594235882118]
[69.8587974678525, 1.0197999999999998, 0.131, 76.2, -17.824874239513807, 0.2166542968771738]
[73.16807143427197, 1.0236666666666667, 0.133, 78.5, -17.726138415126414, 0.029836098609334113]
[76.63410868007459, 1.022, 0.1386, 77.6, -17.35375331045812, 0.10743828708686035]
[80.26433522257175, 1.0181666666666664, 0.14, 78.25, -17.233816781402556, 0.03303830426325487]
[84.06652885618325, 1.0231999999999999, 0.1475, 75.75, -16.823370223128315, 0.10794993570182253]
[88.04883581643465, 1.0231666666666668, 0.1525, 73.4, -16.533530786276984, 0.0727817919975295]
[92.21978823334327, 1.0205, 0.1612, 75.0, -16.028959431660347, 0.12097269500633849]
[96.58832241158703, 1.0248333333333333, 0.1612, 73.2, -16.065764103838656, -0.008424947745997885]
[101.1637979766207, 1.0193333333333332, 0.164, 72.2, -15.869447566178819, 0.04290625856689353]
[105.9560179277616, 1.0225, 0.17325000000000002, 70.2, -15.419801467910702, 0.09382835154740103]
[110.97524964120721, 1.0205, 0.18400000000000002, 71.6, -14.879903720851056, 0.10756581442800436]
[116.23224686798518, 1.0248333333333333, 0.18699999999999997, 72.0, -14.776232722490118, 0.019720573150174243]
[121.7382727739662, 1.022, 0.19480000000000003, 71.66666666666667, -14.397238865121942, 0.06883255978808364]
[127.50512407130128, 1.024, 0.20174999999999998, 70.0, -14.109728264914079, 0.049855733290838394]
[133.54515629298987, 1.0231666666666668, 0.21, 67.5, -13.754541765254691, 0.058805398154000106]
[139.87131026472386, 1.0205, 0.21480000000000002, 70.6, -13.535574640491426, 0.03461299325650892]
[146.49713983072849, 1.022, 0.22640000000000002, 67.75, -13.091489465649202, 0.06702333200973157]
[153.43684089300132, 1.024, 0.23416666666666672, 66.33333333333333, -12.815497655647137, 0.03976998541082321]
[160.70528182616385, 1.026, 0.24559999999999998, 65.5, -12.418379966133347, 0.054635883150941665]
[168.31803533309568, 1.0243333333333335, 0.25275000000000003, 64.75, -12.155002825473542, 0.03459683022969109]
[176.2914118095948, 1.027, 0.25925, 64.25, -11.957033570723992, 0.024828785563186243]
[184.64249428955426, 1.022, 0.26866666666666666, 62.166666666666664, -11.604742174265315, 0.04218511759452606]
[193.38917504552322, 1.0181666666666667, 0.2788333333333333, 61.333333333333336, -11.2494836833923, 0.040616377890616055]
[202.55019392306664, 1.0248000000000002, 0.284, 60.333333333333336, -11.146415533791847, 0.011250729965539765]
[212.14517849106298, 1.0198, 0.3004, 56.0, -10.61630158598648, 0.055249067265156354]
[222.19468609395238, 1.0225, 0.3093333333333333, 58.5, -10.384731903603598, 0.023042888421349394]
[232.72024789604072, 1.0205, 0.3164, 57.0, -10.171530684529007, 0.020255566694054348]
[243.74441501222216, 1.0208333333333335, 0.324, 55.25, -9.968196648926288, 0.018444389808302344]
[255.29080682395167, 1.0197999999999998, 0.333, 55.0, -9.721415482502696, 0.021373011625406373]
[267.3841615839947, 1.0231666666666668, 0.349, 53.0, -9.34241912074948, 0.03133922466290641]
[280.0503894183631, 1.0227999999999997, 0.3561666666666666, 54.2, -9.162748951477441, 0.014184978481479886]
[293.31662783900424, 1.0205, 0.36333333333333334, 52.8, -8.970155316622561, 0.014517576780108312]
[307.21129988617594, 1.0243333333333335, 0.3748, 51.0, -8.732834466419504, 0.017079989322336273]
[321.76417502507354, 1.0228333333333333, 0.383, 50.0, -8.53212197863331, 0.013791947355455627]
[337.0064329271928, 1.0231666666666668, 0.39580000000000004, 47.333333333333336, -8.249411862525525, 0.01854778458173686]
[352.970730273065, 1.0239999999999998, 0.4063333333333334, 46.0, -8.028350114821846, 0.01384725822341552]
[369.6912707195028, 1.027, 0.415, 45.6, -7.87044693770371, 0.009443664672440427]
[387.20387818125573, 1.0243333333333333, 0.4235, 45.0, -7.671757817399802, 0.011345490426702026]
[405.54607358408276, 1.0282, 0.432, 42.0, -7.53187705432206, 0.007626173421758542]
[424.75715525368986, 1.0231666666666668, 0.44216666666666665, 41.4, -7.287207667959365, 0.012735846454173113]
[444.87828311275854, 1.024, 0.448, 41.2, -7.180438852833358, 0.005306303695987165]
[465.9525668664682, 1.022, 0.457, 39.166666666666664, -6.990693914576874, 0.009003624534716809]
[488.02515836544336, 1.0228333333333335, 0.464, 36.0, -6.865737846908147, 0.0056611416776561315]
[511.14334834401654, 1.0248333333333333, 0.47139999999999993, 37.0, -6.745273289453994, 0.00521081267892531]
[535.3566677410724, 1.022, 0.4815999999999999, 35.4, -6.535288350978518, 0.008672290446100855]
[560.7169938205458, 1.0193333333333332, 0.48900000000000005, 33.166666666666664, -6.3801473446603705, 0.006117468909191926]
[587.2786613189483, 1.0231666666666668, 0.4948333333333333, 33.6, -6.309748715685056, 0.0026503843924538446]
[615.0985788580505, 1.0228333333333333, 0.5014, 31.25, -6.19241086556181, 0.004217764123790865]
[644.236350872137, 1.0248333333333333, 0.508, 30.0, -6.095790607541708, 0.00331597961482409]
[674.7544053110693, 1.0243333333333335, 0.51075, 28.4, -6.044658604644613, 0.0016754673204811255]
[706.7181273927491, 1.024, 0.5177499999999999, 29.2, -5.923596981486437, 0.003787469520877945]
[740.1959996915645, 1.0236666666666665, 0.521, 27.333333333333332, -5.866416768477639, 0.0017080002127501204]
[775.2597488629465, 1.0231666666666668, 0.529, 26.5, -5.72981421922936, 0.003895834087239297]
[811.9844993184009, 1.0197999999999998, 0.5336000000000001, 25.6, -5.625983734459242, 0.002827261818866829]
[850.4489341802678, 1.022, 0.5345, 24.25, -5.6300637250779415, -0.0001060717682022869]
[890.735463861044, 1.0205, 0.5386666666666667, 24.0, -5.549858146663686, 0.0019908783171395305]
[932.9304026284686, 1.0236666666666665, 0.54, 23.6, -5.555296038008758, -0.0001288754410818169]
[977.1241535346502, 1.022, 0.5478333333333334, 21.166666666666668, -5.416048842014264, 0.003150834521606934]
[1023.4114021054527, 1.0216666666666667, 0.551, 20.5, -5.363152505659727, 0.001142784200569294]
[1071.8913192051275, 1.022, 0.557, 21.75, -5.271914012499299, 0.0018819853378222822]
[1122.6677735108135, 1.0205, 0.5582, 18.0, -5.24046353798954, 0.0006193909153329196]
[1175.849554052157, 1.0218, 0.5596666666666666, 17.25, -5.228729138557167, 0.00022064698310074045]
[1231.550603292826, 1.022, 0.5668333333333333, 18.2, -5.11991028499231, 0.0019536230474704445]
[1289.8902612533082, 1.0193333333333332, 0.5648333333333333, 15.8, -5.127918158058083, -0.00013726294163736604]
[1350.9935211980264, 1.022, 0.5653333333333332, 16.0, -5.142926051953229, -0.000245615273370425]
[1414.991297434576, 1.0205, 0.568, 15.833333333333334, -5.08929346682141, 0.000838038261416807]
[1482.0207057988587, 1.0201666666666667, 0.572, 14.6, -5.0255020064503935, 0.0009516936211689437]
[1552.225357427048, 1.0198, 0.58, 14.5, -4.901740281370351, 0.001762870724514044]
[1625.755666443795, 1.0248333333333333, 0.576, 12.5, -5.004615184755853, -0.0013990816135706849]
[1702.7691722258996, 1.0228333333333335, 0.576, 13.0, -4.9876477895415245, 0.00022031713842938396]
[1783.4308769319093, 1.0236666666666665, 0.5797999999999999, 11.2, -4.937607014088558, 0.0006203783522224337]
[1867.9135990207828, 1.0231666666666668, 0.58, 10.8, -4.93036778867433, 8.56888276707334e-05]
[1956.3983435170649, 1.0205, 0.586, 11.333333333333334, -4.8183078606799725, 0.0012664321814147956]
[2049.074689815848, 1.0226666666666666, 0.5843333333333333, 10.0, -4.861468783662969, -0.00046571670881206023]
[2146.1411978584038, 1.022, 0.5848333333333333, 10.0, -4.848375559338628, 0.00013488920729074348]
[2247.8058335487253, 1.0181666666666664, 0.5813333333333334, 10.0, -4.867872977429595, -0.0001917817140500868]
[2354.286414322418, 1.0213333333333334, 0.5843333333333333, 9.666666666666666, -4.850136897335429, 0.00016656633505654305]
[2465.811075822604, 1.0193333333333332, 0.5843333333333333, 9.0, -4.8331112996501275, 0.00015266217764106939]
[2582.6187606826775, 1.0213333333333334, 0.585, 8.923076923076923, -4.8402328031744695, -6.096776537325378e-05]
[2704.9597304631343, 1.0205, 0.5869999999999999, 8.3, -4.803498156089499, 0.0003002644751867797]
[2833.096101839324, 1.022, 0.587, 8.571428571428571, -4.816255891021589, -9.956372882321696e-05]
[2967.3024081888693, 1.0205, 0.587, 8.235294117647058, -4.803498156089497, 9.506062180762036e-05]
[3107.866187782014, 1.0225, 0.5893333333333333, 7.95, -4.786046214439753, 0.00012415674720940277]
[3255.08859983506, 1.0236666666666665, 0.5913333333333333, 6.709677419354839, -4.7665240189472255, 0.0001326034210436197]
[3409.285069746811, 1.0236666666666667, 0.5910000000000001, 5.611111111111111, -4.771421616843021, -3.176206237794326e-05]
[3570.7859649004627, 1.022, 0.5875999999999999, 6.433333333333334, -4.807382173609502, -0.00022266475199576047]
[3739.937302478798, 1.0193333333333332, 0.588, 5.653846153846154, -4.7787780056100075, 0.00016910400123941108]
[3917.1014908092607, 1.0205, 0.592, 4.708333333333333, -4.7298260465833915, 0.00027630843167529106]
[4102.658105827195, 1.0248333333333333, 0.591, 4.071428571428571, -4.781315235594986, -0.00027748506301765875]
[4297.00470432084, 1.022, 0.5903333333333333, 4.814814814814815, -4.767071786565634, 7.328890312334738e-05]
[4500.557675700497, 1.0216666666666667, 0.589, 4.214285714285714, -4.783878586953397, -8.256720731634901e-05]
[4713.753134116724, 1.019, 0.5896666666666667, 3.896551724137931, -4.751352116327313, 0.00015256643301744956]
[4937.047852839004, 1.0193333333333332, 0.5953333333333334, 3.84, -4.671120530475472, 0.0003593080316047612]
[5170.920242896761, 1.022333333333333, 0.5902, 4.035714285714286, -4.771866321977646, -0.00043077248869476966]
[5415.871378079471, 1.0208333333333333, 0.5906666666666666, 2.9642857142857144, -4.752247596431139, 8.009240509080777e-05]
[5672.426068491977, 1.0205, 0.5913333333333333, 2.923076923076923, -4.739612965520884, 4.924731989869338e-05]
[5941.133984965034, 1.0236666666666665, 0.59, 2.08, -4.786131001625245, -0.0001731174753425081]
[6222.570836730231, 1.0243333333333335, 0.5926666666666666, 2.0833333333333335, -4.75261607244367, 0.0001190850770656577]
[6517.339604882427, 1.027, 0.5961666666666666, 3.230769230769231, -4.724055076639045, 9.689288313570062e-05]
[6826.071834272386, 1.022, 0.5954999999999999, 3.0, -4.691382599597954, 0.00010582787908360023]
[7149.428986597577, 1.0198, 0.5949999999999999, 2.25, -4.679960838058106, 3.532243359306267e-05]
[7488.103857590023, 1.0218, 0.5923333333333334, 1.9642857142857142, -4.735994505212111, -0.00016544973351523024]
[7842.822061337682, 1.022, 0.5916666666666667, 2.310344827586207, -4.747475862544869, -3.2367544748071545e-05]
[8214.34358491943, 1.0205, 0.593, 2.0869565217391304, -4.7151663137565345, 8.696548312153216e-05]
[8603.464416684501, 1.019, 0.5923333333333333, 0.896551724137931, -4.712160218415746, 7.725351858323464e-06]
[9011.018251665018, 1.0193333333333332, 0.594, 1.8333333333333333, -4.690595627508906, 5.291225123147342e-05]
[9437.878277775382, 1.0225, 0.593, 1.7777777777777777, -4.732172466302336, -9.74015748728831e-05]
[9884.959046625587, 1.022, 0.5955, 2.0344827586206895, -4.691382599597953, 9.123601269919497e-05]
[10353.218432956615, 1.0169999999999997, 0.5923333333333334, 1.0769230769230769, -4.695095596742107, -7.929359779088825e-06]
[10843.65968689611, 1.0226666666666666, 0.5926, 1.1481481481481481, -4.739449068264971, -9.043584968962721e-05]
[11357.333583431051, 1.0181666666666664, 0.5923333333333334, 1.2222222222222223, -4.705054033254533, 6.695889209565552e-05]
[11895.340673703207, 1.022, 0.5955, 1.8461538461538463, -4.691382599597953, 2.5411251828790173e-05]
[12458.833642950081, 1.0181666666666664, 0.5950000000000001, 1.0, -4.666038180396324, 4.497734769521998e-05]
[13049.019780144015, 1.0191666666666668, 0.5943333333333333, 0.9310344827586207, -4.684302450659372, -3.0946627024968864e-05]
[13667.163564620074, 1.022, 0.5943333333333333, 1.3, -4.708416146860036, -3.90098498217578e-05]
[14314.589375234786, 1.0169999999999997, 0.593, 0.9259259259259259, -4.685325191169637, 3.566579415249829e-05]
[14992.684327860472, 1.0213333333333334, 0.5933333333333334, 1.0740740740740742, -4.717375173033448, -4.72647403430863e-05]
[15702.901247293776, 1.0181666666666664, 0.593, 0.6551724137931034, -4.695283627682064, 3.110534929104552e-05]
[16446.761779946628, 1.0213333333333334, 0.593, 0.7037037037037037, -4.722256257532828, -3.62603319664911e-05]
[17225.859653987874, 1.0181666666666664, 0.5949999999999999, 0.12, -4.666038180396328, 7.215791367122113e-05]
[18041.864093920718, 1.019, 0.5936666666666667, 0.20833333333333334, -4.692630385256905, -3.258830903268842e-05]
[18896.523396912115, 1.0205, 0.5943333333333333, 0.9583333333333334, -4.695658411927943, -3.542963448054551e-06]
[19791.668678535574, 1.0191666666666666, 0.595, 0.14285714285714285, -4.674564905202221, 2.3564338838346494e-05]
[20729.2177959537, 1.022, 0.5916666666666667, 0.7931034482758621, -4.747475862544869, -7.776761343814631e-05]
[21711.179456945054, 1.0169999999999997, 0.593, 0.0, -4.685325191169637, 6.329236042931316e-05]
[22739.657523579273, 1.019, 0.5934999999999999, 0.25925925925925924, -4.695069214316327, -9.47421579789014e-06]
[23816.855519761608, 1.0181666666666664, 0.5926, 0.18518518518518517, -4.70114455208667, -5.63994529499194e-06]
[24945.081352303165, 1.018, 0.5936666666666667, 0.19230769230769232, -4.684102265143177, 1.5105386219620384e-05]
[26126.752255633266, 1.0169999999999997, 0.5926, -0.08695652173913043, -4.691186115574244, -5.99477435815964e-06]
[27364.39997074672, 1.018, 0.593, 0.0, -4.693861692729547, -2.161824501940621e-06]
[28660.676169482504, 1.0173333333333332, 0.5936666666666666, 0.13333333333333333, -4.678412196391987, 1.1918367669349442e-05]
[30018.35813575592, 1.015, 0.5936666666666666, -0.7692307692307693, -4.658467550113013, 1.469021963495502e-05]
[31440.354715915, 1.0169999999999997, 0.593, -0.8461538461538461, -4.685325191169637, -1.8887275420605976e-05]
[32929.71255097148, 1.0170000000000001, 0.5910000000000001, -0.18518518518518517, -4.714669440829785, -1.9702618786058795e-05]
[34489.6226040576, 1.0169999999999997, 0.592, -0.1111111111111111, -4.699984923996493, 9.413694593633696e-06]
[36123.426997094306, 1.016, 0.5916666666666667, -0.8076923076923077, -4.696332105528999, 2.235774663761948e-06]
[37834.62617131933, 1.0146666666666666, 0.5909999999999999, -0.3333333333333333, -4.694718249952349, 9.431138122073266e-07]
[39626.88638701478, 1.014, 0.593, -0.3333333333333333, -4.659665232661092, 1.9557995532281624e-05]
[41504.047578504724, 1.019, 0.5923333333333334, -0.21428571428571427, -4.712160218415744, -2.7965092178890654e-05]
[43470.131581250265, 1.014, 0.5923333333333333, -0.8928571428571429, -4.669435638233562, 2.1730800984352267e-05]
[45529.35074866948, 1.0159999999999998, 0.5910000000000001, -0.25, -4.706124541332899, -1.7816900541635383e-05]
[47686.116977144746, 1.0118333333333334, 0.5910000000000001, -0.7931034482758621, -4.670430032160998, 1.6550013024423048e-05]
[49945.0511585514, 1.0158333333333331, 0.5910000000000001, -0.2413793103448276, -4.704699573790032, -1.5170668499820672e-05]
[52310.993080562585, 1.013, 0.5883333333333334, -0.20833333333333334, -4.719719807122028, -6.348521572849165e-06]
[54789.01179593945, 1.0146666666666666, 0.591, -0.13043478260869565, -4.694718249952348, 1.0089333472155943e-05]
[57384.416483023924, 1.013, 0.5903333333333333, -1.2222222222222223, -4.690242777797363, 1.7243831673942737e-06]
[60102.76782070388, 1.0103333333333333, 0.5896666666666667, -0.8846153846153846, -4.677162069157983, 4.8120007366463784e-06]
[62949.88990221888, 1.0128333333333333, 0.5903333333333333, -0.8695652173913043, -4.68881358986521, -4.0923853539242465e-06]
[65931.88271333542, 1.0114999999999998, 0.5875999999999999, -1.0384615384615385, -4.7176819997720925, -9.680911972444904e-06]
[69055.13520162331, 1.01, 0.5866666666666666, -1.0, -4.718599213763105, -2.9367269999856566e-07]
[72326.33896483533, 1.0091666666666665, 0.5866666666666666, -0.96, -4.711429680018802, 2.1917111446654006e-06]
[75752.5025877192, 1.0065, 0.5853333333333333, -0.6666666666666666, -4.70821044748504, 9.396026833803046e-07]
[79340.96665797492, 1.008, 0.586, -1.1481481481481481, -4.711258321828318, -8.493534513946403e-07]
[83099.41949353387, 1.0041666666666667, 0.584, -0.8, -4.707859075017257, 9.044271565416283e-07]
[87035.91361485166, 1.0015, 0.584, -0.7727272727272727, -4.684762130343913, 5.867389601387931e-06]
[91158.88299750836, 1.0045, 0.584, -0.3076923076923077, -4.71074187943737, -6.301222900839613e-06]
[95477.16114208066, 1.0003333333333335, 0.583, -0.8260869565217391, -4.689523718923525, 4.91356966908546e-06]
[100000.0, 1.0001666666666666, 0.582, -0.2, -4.702987834651288, -2.976916965367464e-06]
