Bode taken on 20092019-142930
0 points could not be taken due to noise in the signal.
Obtained data is as follows:
['Frequency', 'Vpp 1', 'Vpp 2', 'Phase', 'Ratio', 'Slope']
[10.718913192051275, 2.056666666666667, 0.09000000000000001, -29.35, -27.178427997485088]
[11.489510001873091, 2.066666666666667, 0.09484999999999999, 77.08695652173913, -26.764661991078206, 0.5369422778982897]
[12.315506032928255, 2.07, 0.097775, 108.04761904761905, -26.514850416654987, 0.30243677333909114]
[13.200884008314182, 2.07, 0.09896666666666666, 106.5, -26.40962805161071, 0.11884457030728786]
[14.149912974345758, 2.0549999999999997, 0.10116666666666667, 102.6, -26.15548771040948, 0.2677898676411661]
[15.167168884709225, 2.066666666666667, 0.10666666666666667, 102.61904761904762, -25.744834223566958, 0.4036874916713893]
[16.257556664437942, 2.07, 0.11, 99.0, -25.491553205973855, 0.23228526795863244]
[17.4263338600965, 2.07, 0.1135, 97.21739130434783, -25.219489678555522, 0.23277621126500164]
[18.67913599020783, 2.065, 0.12116666666666666, 96.33333333333333, -24.630737910340514, 0.469947930374838]
[20.022003718155844, 2.0583333333333336, 0.123, 94.5, -24.47221191545286, 0.11805034225514648]
[21.461411978584035, 2.065, 0.129, 95.11111111111111, -24.086606913863417, 0.2678913357595534]
[23.00430119772918, 2.066666666666667, 0.13175, 86.73076923076923, -23.910396217880145, 0.11420826187437072]
[24.658110758226027, 2.0583333333333336, 0.132, 93.18181818181819, -23.858835520123822, 0.031176925679902462]
[26.430814869741056, 2.045, 0.1436, 89.6923076923077, -23.07077744874158, 0.4445513869253304]
[28.330961018393243, 2.0716666666666668, 0.15175, 93.4, -22.70382357021412, 0.1931187655158784]
[30.367711180354576, 2.066666666666667, 0.16175, 87.5, -22.12852290875707, 0.2824601034537546]
[32.55088599835058, 2.08, 0.1618, 94.8, -22.18169635373016, -0.024356017912436287]
[34.891012134067736, 2.061666666666667, 0.17066666666666666, 83.33333333333333, -21.64139485978618, 0.23088562864086853]
[37.39937302478798, 2.0633333333333335, 0.182, 88.10526315789474, -21.089960126307616, 0.21983867453786732]
[40.08806328898464, 2.06, 0.1862, 91.75, -20.87775087447659, 0.07892662634177806]
[42.970047043208396, 2.06, 0.19699999999999998, 78.5, -20.388019884151213, 0.16992843544230296]
[46.05922041145106, 2.0700000000000003, 0.20366666666666666, 84.5, -20.14100779868052, 0.07996057715958207]
[49.37047852839004, 2.06, 0.208, 77.6, -19.916077708127837, 0.06792889065398926]
[52.91978735958442, 2.06, 0.21539999999999998, 84.75, -19.612430428143814, 0.08555110147511247]
[56.72426068491978, 2.063333333333333, 0.23759999999999998, 81.25, -18.77445915982599, 0.22025946738474156]
[60.80224261649421, 2.0633333333333335, 0.25175000000000003, 82.2, -18.271998301495998, 0.12321311539896941]
[65.17339604882423, 2.0533333333333332, 0.2664000000000001, 78.75, -17.738504738929986, 0.12204869282788727]
[69.8587974678525, 2.06, 0.2823333333333333, 74.6, -17.26210129516218, 0.1016782557483862]
[74.88103857590023, 2.075, 0.294, 80.5, -16.973415412719085, 0.05748148609999984]
[80.26433522257175, 2.063333333333334, 0.3162, 79.0, -16.29215057408531, 0.12655160645011118]
[86.034644166845, 2.0566666666666666, 0.33, 77.2, -15.892999388713836, 0.06917327810803102]
[92.21978823334327, 2.0675, 0.3498, 75.2, -15.43251426163853, 0.07445018614352339]
[98.84959046625586, 2.058, 0.3626, 74.0, -15.080351413338484, 0.05311815283897771]
[105.9560179277616, 2.06, 0.3832, 70.33333333333333, -14.608834399252933, 0.0663507812666316]
[113.57333583431051, 2.06, 0.4075, 71.16666666666667, -14.07479214586316, 0.07010896222811375]
[121.7382727739662, 2.0583333333333336, 0.4345, 69.75, -13.510518528547113, 0.06910936624329181]
[130.49019780144016, 2.0683333333333334, 0.4524, 68.0, -13.20195869723337, 0.03525622424153724]
[139.87131026472386, 2.0566666666666666, 0.48, 66.0, -12.63845343875984, 0.06006806342840542]
[149.92684327860457, 2.0533333333333332, 0.5133333333333333, 65.75, -12.041199826559248, 0.05939551999641782]
[160.70528182616385, 2.066666666666667, 0.528, 64.25, -11.852730244895584, 0.017485796373199355]
[172.25859653987874, 2.063333333333333, 0.5578333333333334, 62.0, -11.36129864652644, 0.04253598300977371]
[184.64249428955426, 2.065, 0.585, 60.5, -10.955283798204787, 0.03278570741851369]
[197.91668678535575, 2.0566666666666666, 0.6116666666666667, 58.0, -10.53298190890267, 0.03181375360012956]
[212.14517849106298, 2.0633333333333335, 0.6436, 57.0, -10.119067177469272, 0.029090555766172397]
[227.39657523579274, 2.07, 0.6657500000000001, 54.0, -9.853183406918776, 0.017433404625210806]
[243.74441501222216, 2.058333333333333, 0.6906666666666667, 52.5, -9.484944217170156, 0.02252525072331285]
[261.26752255633266, 2.066666666666667, 0.727, 51.0, -9.074720478391074, 0.02341044462270383]
[280.0503894183631, 2.06, 0.7516666666666666, 49.6, -8.75683857749673, 0.016924035251346094]
[300.1835813575589, 2.06, 0.7805000000000001, 48.0, -8.429886259414342, 0.016239467595094474]
[321.76417502507354, 2.0633333333333335, 0.806, 44.75, -8.164687049907297, 0.012288781930325263]
[344.896226040576, 2.06, 0.83, 42.75, -7.8957825598615905, 0.011624757781551413]
[369.6912707195025, 2.065, 0.8608, 41.0, -7.600355953402117, 0.011914743864549639]
[396.2688638701478, 2.0566666666666666, 0.8816666666666667, 38.5, -7.357189753240742, 0.00914929349633267]
[424.75715525368986, 2.061666666666667, 0.9049999999999999, 37.666666666666664, -7.151397400805476, 0.007223752020247651]
[455.29350748669475, 2.0566666666666666, 0.919, 35.4, -6.99696795854936, 0.005057232804945285]
[488.02515836544336, 2.06, 0.952, 34.5, -6.704605439693582, 0.008932104278479803]
[523.1099308056258, 2.066666666666667, 0.9700000000000001, 31.6, -6.5699740102469315, 0.0038373180181285006]
[560.7169938205458, 2.0533333333333332, 0.9861666666666666, 29.0, -6.370182771027895, 0.005312598836547621]
[601.0276782070382, 2.065, 1.01, 27.4, -6.211973644195545, 0.003924744251808414]
[644.236350872137, 2.0533333333333332, 1.024, 26.0, -6.04319001609902, 0.0039062442256611605]
[690.5513520162331, 2.06, 1.0339999999999998, 25.333333333333332, -5.986933632224596, 0.0012146471442243568]
[740.1959996915637, 2.055, 1.0461666666666665, 24.0, -5.86421895890042, 0.0024718610982338695]
[793.4096665797492, 2.0549999999999997, 1.0616666666666668, 22.5, -5.736472885207623, 0.0024006252747291673]
[850.4489341802678, 2.065, 1.064, 21.0, -5.759568560667807, -0.00040490834528131905]
[911.5888299750818, 2.0540000000000003, 1.0740000000000003, 18.25, -5.63192315795445, 0.0020877595725994702]
[977.1241535346502, 2.0583333333333336, 1.095, 18.5, -5.482031760718076, 0.0022871848202615478]
[1047.3708979594498, 2.055, 1.105, 16.166666666666668, -5.388990963819172, 0.0013244855353902727]
[1122.6677735108135, 2.0675, 1.0999999999999999, 15.666666666666666, -5.481056661327185, -0.0012227027593623122]
[1203.3778407775892, 2.0633333333333335, 1.1133333333333335, 15.0, -5.35888364417107, 0.0015137271135246268]
[1289.8902612533082, 2.058333333333333, 1.12, 14.0, -5.285953690837184, 0.000842999802026748]
[1382.622173764655, 2.045, 1.1225, 12.5, -5.210139253359997, 0.0008175657702294284]
[1482.0207057988587, 2.05, 1.12, 12.0, -5.250716767711451, -0.00040823051931481965]
[1588.5651294280526, 2.055, 1.1349999999999998, 11.307692307692308, -5.156319293658932, 0.0008859916909499642]
[1702.7691722258996, 2.055, 1.1349999999999998, 10.5, -5.156319293658932, 0.0]
[1825.1834943190424, 2.0549999999999997, 1.1433333333333333, 10.0, -5.092779217779598, 0.0005190575317730156]
[1956.3983435170628, 2.0533333333333332, 1.14, 9.0, -5.111092122165809, -0.00013956426805455965]
[2097.0464013232327, 2.055, 1.14, 9.0, -5.118139497512311, -5.010645334479914e-05]
[2247.8058335487253, 2.0500000000000003, 1.1424999999999998, 8.222222222222221, -5.077953046277331, 0.00026656011263608427]
[2409.4035602395243, 2.0500000000000003, 1.1483333333333334, 8.117647058823529, -5.033717790635443, 0.0002737368683813746]
[2582.6187606826747, 2.0500000000000003, 1.148, 6.035714285714286, -5.036239459875994, -1.4558013581373041e-05]
[2768.2866303920637, 2.043333333333333, 1.1425, 6.85, -5.0496602211372945, -7.228370359560139e-05]
[2967.3024081888693, 2.046666666666667, 1.1500000000000001, 4.714285714285714, -5.006985521357871, 0.00021442872646506612]
[3180.625692794119, 2.056666666666667, 1.1566666666666667, 4.666666666666667, -4.999113784847361, 3.690050303264635e-05]
[3409.285069746811, 2.06, 1.1549999999999998, 3.8846153846153846, -5.025704722819809, -0.00011629060800751367]
[3654.3830709572544, 2.0483333333333333, 1.155, 3.8461538461538463, -4.9763729654929465, 0.00020127360110336212]
[3917.1014908092566, 2.0533333333333332, 1.166, 3.6153846153846154, -4.915218140435355, 0.0002327770739944378]
[4198.70708444391, 2.0500000000000003, 1.155, 2.8214285714285716, -4.983437536551825, -0.0002422515662276763]
[4500.557675700497, 2.055, 1.1566666666666665, 2.7857142857142856, -4.992072122817536, -2.8605497275211705e-05]
[4824.108704165369, 2.046666666666667, 1.1516666666666664, 2.8275862068965516, -4.994406388619012, -7.214521346297172e-06]
[5170.920242896756, 2.045, 1.16, 2.0, -4.924706462328843, 0.0002009734928230089]
[5542.664520663102, 2.0366666666666666, 1.1533333333333333, 1.903225806451613, -4.939302228995553, -3.9262922228176195e-05]
[5941.133984965034, 2.0549999999999997, 1.16, 1.8666666666666667, -4.96707673970339, -6.970298403290273e-05]
[6368.249944718586, 2.0483333333333333, 1.16, 1.6129032258064515, -4.938852865517841, 6.608012072841714e-05]
[6826.071834272386, 2.0416666666666665, 1.16, 1.2580645161290323, -4.910536981799782, 6.184912596830165e-05]
[7316.807143427192, 2.05, 1.1533333333333333, 1.2666666666666666, -4.995980339652802, -0.0001741129204665931]
[7842.822061337682, 2.046666666666667, 1.1616666666666666, 0.9655172413793104, -4.91931177414279, 0.00014575359538198193]
[8406.652885618325, 2.045, 1.166, 1.0714285714285714, -4.879895238407307, 6.990844423196046e-05]
[9011.018251665018, 2.0466666666666664, 1.16, 0.967741935483871, -4.931782543891735, -8.585420078558874e-05]
[9658.832241158698, 2.0366666666666666, 1.1600000000000001, 0.2, -4.889239325919466, 6.56719655059008e-05]
[10353.218432956615, 2.043333333333333, 1.1633333333333333, 0.8181818181818182, -4.8927009511847, -4.98515855603503e-06]
[11097.524964120721, 2.0399999999999996, 1.155, -0.25, -4.940963663954711, -6.484252219918965e-05]
[11895.340673703207, 2.0433333333333334, 1.1533333333333333, 0.0, -4.967687514512769, -3.349627017503003e-05]
[12750.512407130129, 2.0399999999999996, 1.16, 0.1724137931034483, -4.903443563979605, 7.512403418167283e-05]
[13667.163564620045, 2.03, 1.156, 0.0, -4.890764076574053, 1.3832402110604755e-05]
[14649.713983072848, 2.0399999999999996, 1.15, 0.13333333333333333, -4.97864654144574, -8.944321148432627e-05]
[15702.901247293776, 2.0366666666666666, 1.1675, -0.19230769230769232, -4.83326132569484, 0.00013804308188102284]
[16831.80353330955, 2.0399999999999996, 1.1524999999999999, -0.13333333333333333, -4.95978466728426, -0.0001120764331481313]
[18041.864093920718, 2.0399999999999996, 1.16, -0.75, -4.903443563979605, 4.656056493255093e-05]
[19338.917504552322, 2.043333333333333, 1.1516666666666666, -0.0967741935483871, -4.980248456163955, -5.921490322202699e-05]
[20729.2177959537, 2.0366666666666666, 1.1560000000000001, -1.0, -4.919242428767629, 4.3879748694315445e-05]
[22219.468609395237, 2.0483333333333333, 1.155, -0.22580645161290322, -4.9763729654929465, -3.8336188922039254e-05]
[23816.855519761608, 2.0366666666666666, 1.16, -0.8275862068965517, -4.889239325919467, 5.454761085621675e-05]
[25529.080682395164, 2.05, 1.155, -0.6451612903225806, -4.983437536551823, -5.5015083698145305e-05]
[27364.399970746665, 2.0466666666666664, 1.1500000000000001, -0.36666666666666664, -5.006985521357869, -1.283045677964691e-05]
[29331.662783900425, 2.0399999999999996, 1.154, -0.43333333333333335, -4.948487172123722, 2.9735909631905056e-05]
[31440.354715915, 2.03, 1.16, -0.9629629629629629, -4.860760973725889, 4.160218809867671e-05]
[33700.64329271925, 2.043333333333333, 1.155, 0.0, -4.955144711411787, -4.175738383783895e-05]
[36123.426997094306, 2.03, 1.16, -1.2258064516129032, -4.860760973725889, 3.8956732916545526e-05]
[38720.38781812557, 2.0433333333333334, 1.165, -0.9354838709677419, -4.880265888734297, -7.510669722257352e-06]
[41504.047578504724, 2.05, 1.16, -1.0333333333333334, -4.945917436576716, -2.3584616473917158e-05]
[44487.82831127585, 2.043333333333333, 1.1633333333333333, -1.0, -4.8927009511847, 1.783525337754683e-05]
[47686.116977144746, 2.05, 1.1566666666666665, -1.1666666666666667, -4.970912819690861, -2.4454286863100457e-05]
[51114.334834401656, 2.04, 1.16, -0.8709677419354839, -4.9034435639796055, 1.968056247313328e-05]
[54789.01179593934, 2.05, 1.1583333333333334, -1.1333333333333333, -4.958406136985679, -1.4957116933368239e-05]
[58727.86613189477, 2.043333333333333, 1.1583333333333334, -1.1290322580645162, -4.930113311845645, 7.183008744894647e-06]
[62949.88990221888, 2.04, 1.1633333333333333, -1.3548387096774193, -4.878519903727626, 1.2220065761036282e-05]
[67475.44053110685, 2.0399999999999996, 1.16, -1.3333333333333333, -4.903443563979605, -5.5073210523562175e-06]
[72326.33896483533, 2.0333333333333328, 1.158, -1.3548387096774193, -4.890000417993742, 2.7712693162964333e-06]
[77525.97488629464, 2.043333333333333, 1.1566666666666667, -1.7142857142857142, -4.9426199945508245, -1.0119857880802169e-05]
[83099.41949353387, 2.033333333333333, 1.1583333333333334, -1.4666666666666666, -4.887500521692685, 9.88966011908437e-06]
[89073.5463861044, 2.046666666666667, 1.1583333333333332, -1.3666666666666667, -4.944271244300701, -9.502764776994757e-06]
[95477.16114208066, 2.0399999999999996, 1.1566666666666665, -1.8666666666666667, -4.928438947093749, 2.4724000131607382e-06]
[102341.14021054527, 2.043333333333333, 1.1583333333333334, -1.2333333333333334, -4.930113311845645, -2.4393500259759474e-07]
[109698.57978923841, 2.0399999999999996, 1.16, -1.6551724137931034, -4.903443563979605, 3.624868078193236e-06]
[117584.95540521557, 2.05, 1.1600000000000001, -1.2666666666666666, -4.945917436576714, -5.385727825474203e-06]
[126038.29296797274, 2.046666666666667, 1.154, -1.2857142857142858, -4.976826152035853, -3.656391955209928e-06]
[135099.3521198025, 2.0533333333333332, 1.1583333333333334, -1.2333333333333334, -4.972518064765853, 4.754507390154421e-07]
[144811.8227674533, 2.043333333333333, 1.16, -1.0357142857142858, -4.917624611436681, 5.651852687189291e-06]
[155222.5357427048, 2.046666666666667, 1.1600000000000001, -1.6896551724137931, -4.931782543891735, -1.3599387946542125e-06]
[166381.68860761274, 2.0500000000000003, 1.16, -1.7741935483870968, -4.945917436576719, -1.2666635949968783e-06]
[178343.08769319093, 2.043333333333333, 1.16, -1.7241379310344827, -4.917624611436681, 2.3653441322053246e-06]
[191164.40753856997, 2.05, 1.1633333333333333, -1.8387096774193548, -4.920993776324736, -2.627783199145192e-07]
[204907.4689815846, 2.0483333333333333, 1.16, -1.9333333333333333, -4.938852865517841, -1.2994986064173103e-06]
[219638.5372416547, 2.0483333333333333, 1.1566666666666665, -1.6551724137931034, -4.963848248631984, -1.696780075474565e-06]
[235428.64143224154, 2.043333333333333, 1.1533333333333333, -1.6774193548387097, -4.967687514512767, -2.431437965477181e-07]
[252353.9170434766, 2.0500000000000003, 1.154, -1.9333333333333333, -4.990961044720836, -1.3750754045399442e-06]
[270495.97304631316, 2.0399999999999996, 1.16, -1.8387096774193548, -4.903443563979605, 4.824011166515426e-06]
[289942.2853882875, 2.043333333333333, 1.1533333333333333, -1.7333333333333334, -4.967687514512767, -3.3036572386268737e-06]
[310786.6187782014, 2.0500000000000003, 1.155, -2.0, -4.983437536551825, -7.556020979149413e-07]
[333129.478793467, 2.046666666666667, 1.155, -1.967741935483871, -4.969302643866843, 6.326357805278198e-07]
[357078.59649004624, 2.05, 1.1533333333333333, -2.1333333333333333, -4.995980339652802, -1.1139323011373144e-06]
[382749.44785163074, 2.0500000000000003, 1.1500000000000001, -1.903225806451613, -5.021120414042853, -9.793237487897327e-07]
[410265.81058271904, 2.0466666666666664, 1.1499999999999997, -2.3225806451612905, -5.006985521357873, 5.136904475027401e-07]
[439760.36093027215, 2.0500000000000003, 1.1483333333333334, -2.3666666666666667, -5.033717790635443, -9.063460524933121e-07]
[471375.3134116719, 2.0466666666666664, 1.1439999999999997, -2.206896551724138, -5.052421839289998, -5.916203310936441e-07]
[505263.10653356795, 2.036666666666666, 1.1500000000000001, -2.2333333333333334, -4.964442303385598, 2.596201398773095e-06]
[541587.1378079465, 2.0475, 1.1466666666666667, -2.9, -5.035734451611767, -1.9626717003862734e-06]
[580522.5516094896, 2.036666666666666, 1.1449999999999998, -2.933333333333333, -5.002289376939699, 8.589885506942411e-07]
[622257.0836730232, 2.046666666666667, 1.14, -3.0, -5.0828453017006545, -1.9301983460201e-06]
[666991.9663030115, 2.0399999999999996, 1.1383333333333332, -3.074074074074074, -5.0672142825601965, 3.494145557449096e-07]
[714942.8986597577, 2.0366666666666666, 1.1349999999999998, -3.2666666666666666, -5.0784818798750075, -2.349818191434156e-07]
[766341.0868007446, 2.0216666666666665, 1.1349999999999998, -3.806451612903226, -5.014273779075756, 1.2492288759892947e-06]
[821434.3584919422, 2.03, 1.133333333333333, -3.433333333333333, -5.062767511812405, -8.802115258004699e-07]
[880488.3581643464, 2.028333333333333, 1.13, -3.8275862068965516, -5.081217687260031, -3.1242888796654266e-07]
[943787.8277775372, 2.025, 1.13, -4.230769230769231, -5.066931681345352, 2.2568918826614876e-07]
[1011637.979766207, 2.013333333333333, 1.12, -4.269230769230769, -5.093953224625754, -3.9825324613738025e-07]
[1084365.9686896086, 2.02, 1.125, -4.714285714285714, -5.083976939984849, 1.3717256297864499e-07]
[1162322.4686798519, 2.0116666666666663, 1.12, -4.36, -5.0867599408704764, -3.5699407823284296e-08]
[1245883.3642950081, 2.016666666666666, 1.1150000000000002, -4.92, -5.147185050972535, -7.23126645032017e-07]
[1335451.5629298973, 2.0083333333333333, 1.11, -5.172413793103448, -5.150256354811722, -3.4290115085451905e-08]
[1431458.9375234786, 2.0, 1.1016666666666668, -5.857142857142857, -5.179595731239691, -3.055950290503053e-07]
[1534368.4089300102, 2.0, 1.0999999999999999, -7.0, -5.192746210115125, -1.2778686641470132e-07]
[1644676.1779946627, 1.9883333333333333, 1.095, -5.95, -5.181501482211223, 1.019395823091248e-07]
[1762914.118095948, 1.9833333333333332, 1.085, -8.235294117647058, -5.2393194564867756, -4.88996799386259e-07]
[1889652.3396912077, 1.97, 1.08, -8.291666666666666, -5.2208494134928625, 1.4573380280573453e-07]
[2025501.9392306665, 1.9666666666666668, 1.0666666666666667, -8.75, -5.314040666444765, -6.859884259344751e-07]
[2171117.945694501, 1.9499999999999995, 1.0655000000000001, -9.4, -5.249623146245941, 4.4237939058452445e-07]
[2327202.4789604074, 1.93, 1.0511666666666668, -9.666666666666666, -5.27771456796195, -1.7997569091712605e-07]
[2494508.135230317, 1.918, 1.0421666666666665, -10.0, -5.2982284907524, -1.2261344444539272e-07]
[2673841.6158399438, 1.9033333333333333, 1.0231666666666668, -10.75, -5.391369410590637, -5.193727324179125e-07]
[2866067.61694825, 1.8849999999999998, 1.01, -11.6, -5.419799615183382, -1.4789989090355256e-07]
[3072112.998861753, 1.86, 0.991, -12.0, -5.46878579465282, -2.37744612446606e-07]
[3292971.255097148, 1.84, 0.972, -12.5, -5.543031161665239, -3.3616749619396593e-07]
[3529707.30273065, 1.8099999999999998, 0.9579999999999999, -13.2, -5.526261315812802, 7.083773688068833e-08]
[3783462.617131925, 1.7833333333333334, 0.9333333333333332, -13.5, -5.623915013580185, -3.8483409893421363e-07]
[4055460.7358408277, 1.7566666666666666, 0.91, -14.4, -5.712959363435811, -3.2737119755935753e-07]
[4347013.158125018, 1.7333333333333334, 0.8830000000000001, -14.8, -5.858427706751361, -4.989440395516776e-07]
[4659525.668664677, 1.6849999999999998, 0.8598333333333333, -15.0, -5.843712554353855, 4.708660261982875e-08]
[4994505.11585514, 1.6499999999999997, 0.831, -16.5, -5.957658408595905, -3.40157747580443e-07]
[5353566.677410719, 1.6000000000000003, 0.8045, -16.2, -5.971878684417531, -3.960400483977932e-08]
[5738441.648302393, 1.5683333333333334, 0.773, -17.25, -6.1451775825057675, -4.5027323467343084e-07]
[6150985.788580504, 1.5066666666666666, 0.7418333333333335, -21.0, -6.1542167238568135, -2.1910725346752907e-08]
[6593188.271333542, 1.4633333333333336, 0.7113333333333333, -19.5, -6.2654021030734075, -2.514354476808515e-07]
[7067181.273927491, 1.4133333333333333, 0.67625, -22.333333333333332, -6.402746475168887, -2.897603368485522e-07]
[7575250.258771905, 1.3533333333333333, 0.6436, -21.166666666666668, -6.455774868610796, -1.0437242780751046e-07]
[8119844.993184009, 1.2966666666666666, 0.6116666666666667, -24.0, -6.5262706547519915, -1.2944632345242355e-07]
[8703591.361485166, 1.255, 0.5775, -25.75, -6.7418347450575, -3.692769702925121e-07]
[9329304.026284676, 1.205, 0.5503333333333335, -25.5, -6.807224567355118, -1.0450455293017012e-07]
[10000000.0, 1.15, 0.5213333333333333, -27.2, -6.871646926988898, -9.605299891232694e-08]
